--------------------
Cycle 1:	256	lw x4, 288(x6)
Registers
x00:	0	0	0	0	8	0	0	0
x08:	0	0	0	0	0	0	0	0
x16:	0	0	0	0	0	0	0	0
x24:	0	0	0	0	0	0	0	0
Data
272:	-1	-2	-4	1	8	3	-4	10
304:	7	9	1	0	-1
--------------------
Cycle 2:	260	lw x3, 284(x6)
Registers
x00:	0	0	0	1	8	0	0	0
x08:	0	0	0	0	0	0	0	0
x16:	0	0	0	0	0	0	0	0
x24:	0	0	0	0	0	0	0	0
Data
272:	-1	-2	-4	1	8	3	-4	10
304:	7	9	1	0	-1
--------------------
Cycle 3:	264	sra x2, x4, #3
Registers
x00:	0	0	1	1	8	0	0	0
x08:	0	0	0	0	0	0	0	0
x16:	0	0	0	0	0	0	0	0
x24:	0	0	0	0	0	0	0	0
Data
272:	-1	-2	-4	1	8	3	-4	10
304:	7	9	1	0	-1
--------------------
Cycle 4:	268	break
Registers
x00:	0	0	1	1	8	0	0	0
x08:	0	0	0	0	0	0	0	0
x16:	0	0	0	0	0	0	0	0
x24:	0	0	0	0	0	0	0	0
Data
272:	-1	-2	-4	1	8	3	-4	10
304:	7	9	1	0	-1
